# Rescaled haloscope axion-photon limit to millicharged dark matter
# Source/run: ADMX Run 1B, lower band
# mass_map = same-tuning-ratio
# m_phi = (R_TE011_source / 2) m_a point by point
# assumes the TE011 scan follows the same tuning trajectory as the published source-mode scan
# source_mode = TM010
# R_TE011_TM010 = 1.61615
# f_TM010_ref_Hz = 5.46393e+08
# f_TE011_ref_Hz = 8.83051e+08
# radius_m = 0.21
# length_m = 1.014
# C_axion = 0.4
# C_mDM_TE011 = 0.22
# m_phi [eV]    epsilon = e_m/e
2.2637761896180267e-06	9.836895293933825e-12

2.2637761896180267e-06	1.919401246408673e-19

2.266614579558954e-06	1.7710387463465958e-19

2.2669565542555e-06	1.850199257664346e-19

2.2682902555316257e-06	1.9248155871604376e-19

2.2701711163222246e-06	1.7847961205514045e-19

2.270772991788146e-06	1.825086421438694e-19

2.271675804987027e-06	1.8702980836809885e-19

2.2728043214452246e-06	1.9278281673737368e-19

2.2748356511023043e-06	1.8291274385146826e-19

2.275437526568225e-06	1.78893654349517e-19

2.275437526568225e-06	1.7439797676080302e-19

2.275437526568225e-06	1.700152775617088e-19

2.275437526568225e-06	1.660946255223334e-19

2.2761898709006258e-06	1.8740145685813774e-19

2.277318387358824e-06	1.9300189709441039e-19

2.280327764607621e-06	1.8760944989428877e-19

2.282960969730621e-06	1.8139868251226837e-19

2.2842507028372484e-06	1.762443712877993e-19

2.28484183052122e-06	1.8768204751026753e-19

2.2859703470602256e-06	1.732100338435206e-19

2.28747503564422e-06	1.8231504877244627e-19

2.28919467978639e-06	1.7705448409053336e-19

2.2901834752408644e-06	1.7206329402247556e-19

2.291913867164983e-06	1.842077959001949e-19

2.2927414458902206e-06	1.616593069655598e-19

2.2927414458902206e-06	1.5837860361768187e-19

2.2930235749845683e-06	1.7593231123528483e-19

2.2931176180160173e-06	1.675035578643726e-19

2.2962022297384582e-06	1.861643243236317e-19

2.2965031674714184e-06	1.8157389093272046e-19

2.29725551180382e-06	1.7421285819063957e-19

2.298007856136221e-06	1.5807044938033624e-19

2.2985094189706165e-06	1.6069687111135627e-19

2.2987602004686218e-06	1.703068844567209e-19

2.2987602004686218e-06	1.6614441702493535e-19

2.299345357135686e-06	1.7735527325479904e-19

2.3006410612592207e-06	1.8871280731027765e-19

2.3006410612592207e-06	1.839703700135884e-19

2.303525047799419e-06	1.78769680764257e-19

2.30515512717282e-06	1.890830789120862e-19

2.3055312992986167e-06	1.8358102429762995e-19

2.30778833229582e-06	1.8493372305890637e-19

2.3098948963457358e-06	1.8827010053580775e-19

2.3141832590000184e-06	1.9150859702331207e-19

2.3161715975293013e-06	1.8526839365508182e-19

2.3186973249136173e-06	1.959261082017925e-19

2.318751063742556e-06	1.9060213421948552e-19

2.321706702162415e-06	1.8723665250507496e-19

2.3232113908272167e-06	1.9630753934294018e-19

2.3232113908272167e-06	1.914419047462367e-19

2.3277254566600083e-06	1.9575257205518203e-19

2.3277254566600083e-06	1.9184778739347433e-19

2.3319708281864946e-06	1.9621360422069131e-19

2.333273996081164e-06	1.9215219853722787e-19

2.3333680391126128e-06	1.8951219975548192e-19

2.3377149173608753e-06	1.949892663365982e-19

2.342019998733207e-06	1.9432672518075108e-19

2.3465340646468064e-06	1.956326446622382e-19

2.3465340646468064e-06	1.9118881337318916e-19

2.350860044497507e-06	1.8953749962037152e-19

2.3510481305604054e-06	1.9531732845443458e-19

2.352761803766475e-06	1.844939638055615e-19

2.3548098521416036e-06	1.909159303814913e-19

2.3559383686806088e-06	1.94740154334596e-19

2.3600762623876037e-06	1.947549021212685e-19

2.3645903283012026e-06	1.9613013210693087e-19

2.3688222651204543e-06	1.9742103227970653e-19

2.37008244180652e-06	1.9366803115157363e-19

2.371361427131198e-06	1.894914962075714e-19

2.3736184601284014e-06	1.9887246831939954e-19

2.3746717421937627e-06	1.9273051000079891e-19

2.3781325260420003e-06	1.982670366632467e-19

2.3788848703744014e-06	1.9332855875091675e-19

2.3797312577382515e-06	1.8828742146505707e-19

2.38061526229852e-06	1.8276904356916354e-19

2.382082333686097e-06	1.8093330462983435e-19

2.3833989362880004e-06	1.980049267498196e-19

2.3837751084137975e-06	1.920893875249841e-19

2.38558073481156e-06	1.8268470791999785e-19

2.386032141411001e-06	1.875001479633769e-19

2.3867844856625946e-06	1.9716786312835088e-19

2.3888910497933177e-06	1.934737748326756e-19

2.3903410225066724e-06	1.872762005133872e-19

2.393179412366793e-06	1.93821084809417e-19

2.3944154066444816e-06	1.8870448896616012e-19

2.396941134028798e-06	1.8626068826814837e-19

2.3978188690697984e-06	1.9419682953062599e-19

2.4007028556099963e-06	1.834143235471011e-19

2.4014551999423974e-06	1.9950498161173564e-19

2.4014551999423974e-06	1.8980485620136128e-19

2.4024762386619112e-06	1.9410295595992094e-19

2.4060230046849345e-06	1.934494041226223e-19

2.4063454379817935e-06	1.9964641875705743e-19

2.410357940980189e-06	2.0062247009298213e-19

2.4131917712854323e-06	1.9093486066484433e-19

2.4134927090183924e-06	1.9713160182769775e-19

2.4149973976023873e-06	2.0233938247182844e-19

2.416125914141393e-06	1.9279574911586e-19

2.418177762239861e-06	1.9577016539238685e-19

2.4195114635159867e-06	2.027175912890726e-19

2.422395450136992e-06	1.9688199952368487e-19

2.4240255294295856e-06	2.0309580010631663e-19

2.426658734552586e-06	1.9637628739646005e-19

2.428539595343185e-06	2.0132760145434318e-19

2.4309676156482577e-06	1.920448465621745e-19

2.433322355643897e-06	1.9911291986003933e-19

2.433335790431939e-06	1.7384664845351144e-19

2.4334298334633884e-06	1.8690308878086727e-19

2.4341821777957895e-06	1.8000543958145976e-19

2.434934522047383e-06	1.5985334480442762e-19

2.4356868663797844e-06	1.6137915404294445e-19

2.4357809094112334e-06	1.9415811671246884e-19

2.4358373352462647e-06	1.6677117472753234e-19

2.436363976319349e-06	2.045629825146682e-19

2.4364392107121855e-06	1.7747006948128106e-19

2.4364392107121855e-06	1.7301016721735973e-19

2.4371915550445862e-06	1.8085022055293522e-19

2.437621466080129e-06	1.8705492555289403e-19

2.4398247601675867e-06	1.927693328161444e-19

2.4398247601675867e-06	1.9759884249249904e-19

2.440577104499988e-06	2.0798177556887373e-19

2.4408457988871005e-06	2.0216394643465446e-19

2.4450911704135868e-06	2.0836645648799494e-19

2.4450911704135868e-06	2.0313011419246157e-19

2.4453921081465474e-06	1.9675183086356983e-19

2.4495514974174402e-06	2.0288499910097458e-19

2.449605236327186e-06	2.0875113740711618e-19

2.449680470720022e-06	1.9864968305041784e-19

2.4533669579083844e-06	1.9576741333620968e-19

2.4537431300341806e-06	1.9858562911064325e-19

2.454119302240785e-06	2.0780933217085986e-19

2.454119302240785e-06	2.0258699065872966e-19

2.458599170644326e-06	1.9996580764133195e-19

2.458633368073577e-06	2.0687107607694048e-19

2.461642745403181e-06	1.9698405859528693e-19

2.463147433987176e-06	2.0666562405995564e-19

2.463631083932464e-06	2.0055729034090122e-19

2.4657806391101765e-06	1.976991758880957e-19

2.4676614999007754e-06	2.0675181867075288e-19

2.4679436290759305e-06	2.0051306897634679e-19

2.471235135419075e-06	1.9766429404853101e-19

2.4721755658143743e-06	2.0567080502657182e-19

2.4725517380209788e-06	2.0081646402416557e-19

2.4735548637705774e-06	1.910625324799165e-19

2.4755611152697755e-06	1.9647059409375816e-19

2.4766896317279737e-06	2.0372872187123907e-19

2.478495258125736e-06	1.90606811962776e-19

2.4796990090575778e-06	1.982887082650615e-19

2.4812036976415726e-06	2.0359562860012738e-19

2.4812036976415726e-06	1.889624766397755e-19

2.4815798698481767e-06	1.935890643143954e-19

2.484965419222771e-06	1.979386648195548e-19

2.486093935761776e-06	2.0403295707884014e-19

2.4869537578328608e-06	1.8352514894247798e-19

2.487473233637172e-06	1.7433885705198123e-19

2.487598624345771e-06	1.8985174144015454e-19

2.487598624345771e-06	1.657534665853464e-19

2.487598624345771e-06	1.6238967663129998e-19

2.488100187260974e-06	1.7970199777511063e-19

2.488350968678172e-06	1.7116336429601725e-19

2.489103313010573e-06	1.9579573324168976e-19

2.4902318294687714e-06	2.0253859390319956e-19

2.4902318294687714e-06	2.077596878308499e-19

2.490984173801172e-06	1.8820445710692762e-19

2.490984173801172e-06	1.8298900904105528e-19

2.491109564509771e-06	1.7726785896798261e-19

2.491736518133573e-06	1.9260304148919964e-19

2.4932412067983754e-06	1.995126111980621e-19

2.4941189418393753e-06	2.0271137988286076e-19

2.4950468331153305e-06	2.0886900856043533e-19

2.496250584047172e-06	2.1674921216828774e-19

2.4973791005053704e-06	2.1192147733204547e-19

2.4973791005053704e-06	1.0851981231004613e-11

