# Rescaled haloscope axion-photon limit to millicharged dark matter
# Source/run: ADMX Sidecar A--C
# mass_map = same-tuning-ratio
# m_phi = (R_TE011_source / 2) m_a point by point
# assumes the TE011 scan follows the same tuning trajectory as the published source-mode scan
# source_mode = TM010 below 6.5 GHz, TM020 above 6.5 GHz
# R_TE011_TM010 = 1.63217
# R_TE011_TM020 = 0.711056
# f_TM010_ref_Hz = 3.5857e+09
# f_TE011_ref_Hz = 5.85248e+09
# radius_m = 0.032
# length_m = 0.118123
# C_axion = 0.156205
# C_mDM_TE011 = 0.22
# m_phi [eV]    epsilon = e_m/e
1.0547090513593713e-05	8.52421060498241e-17

1.0547090513593713e-05	7.558861170325347e-11

1.0548260746951582e-05	8.854945066968851e-17

1.0549096627941805e-05	8.68917465433599e-17

1.055043403751905e-05	8.85676947850466e-17

1.0553777561444386e-05	8.859576265462169e-17

1.0557121085369722e-05	9.032173585992506e-17

1.0560631785514435e-05	9.035177175025821e-17

1.0564644014210618e-05	8.868698323081537e-17

1.0565647071384663e-05	9.569035090937295e-17

1.0566482952374886e-05	9.38989521768227e-17

1.0567151657181285e-05	7.478028753942679e-17

1.0567486009548933e-05	7.478265364213861e-17

1.0567820361952132e-05	7.19997678568965e-17

1.0568321890539154e-05	9.571457605921782e-17

1.0568823419126177e-05	9.755295913550661e-17

1.05693249477132e-05	9.572366049032913e-17

1.0571163885877467e-05	9.757456224573866e-17

1.0573671528812582e-05	9.759770843515583e-17

1.0576847876554096e-05	9.76270269419697e-17

1.0578686814718363e-05	9.764400081431831e-17

1.0580692929066455e-05	9.953359137025924e-17

1.0583033395817745e-05	9.58478143827206e-17

1.0585206686385213e-05	9.406534046442339e-17

1.0588383034126726e-05	9.232475727104763e-17

1.0590054796071618e-05	9.060350111532466e-17

1.0590556324694195e-05	7.590012133838999e-11

1.0590556324694195e-05	8.890450922054465e-17

1.4182416670020389e-05	1.2510922892994825e-10

1.4182416670020389e-05	6.374874918751704e-17

1.4205754900290104e-05	6.76157116221791e-17

1.4232104515108118e-05	6.774112895968744e-17

1.4259959822159473e-05	6.533216076789992e-17

1.428405089854586e-05	6.29920183025292e-17

1.4305130590383948e-05	6.430033775758141e-17

1.432696312833871e-05	6.439847314723943e-17

1.4342020051080199e-05	6.446615272637716e-17

1.4550558431111064e-05	1.2835676656324366e-10

1.7165930335464966e-05	1.5142809283519255e-10

1.7165930335464966e-05	3.134299681735844e-16

1.7191512944026957e-05	2.5475805868996855e-16

1.722988685678833e-05	2.702847437162091e-16

1.7293843378193304e-05	2.6618824332743617e-16

1.7370591203797663e-05	3.1716683813602207e-16

1.7408965116640648e-05	3.178675012545379e-16

1.7408965116640648e-05	3.0027615990073055e-16

1.7421756420921642e-05	3.181010556273765e-16

1.7460130333764627e-05	3.0692844396269857e-16

1.7485712942326614e-05	2.8490886844723734e-16

1.7536878159368983e-05	2.5987596611824685e-16

1.7536878159368983e-05	2.454939773600574e-16

1.754966946364998e-05	2.6006551824535456e-16

1.7575252072211967e-05	2.604446224995698e-16

1.7639208593535333e-05	2.8200704720027354e-16

1.769037381065931e-05	2.8282505168862585e-16

1.7715956419221302e-05	2.7790970307911316e-16

1.7728747723502296e-05	2.888688307734217e-16

1.776712163634528e-05	2.734729807560982e-16

1.7805495549106656e-05	2.6385656078508866e-16

1.7831078157668643e-05	2.692980409590341e-16

1.789503467907362e-05	2.971644998164871e-16

1.7946199896115987e-05	3.037236712878162e-16

1.801015641752096e-05	2.7721379186753667e-16

1.804853033036394e-05	2.674580511989245e-16

1.808690424312532e-05	2.680267075790381e-16

1.8112486851687307e-05	2.7878887023004924e-16

1.8138069460249298e-05	2.8453137831481385e-16

1.815086076453029e-05	2.689744682145763e-16

1.815086076453029e-05	2.9574666007742407e-16

1.8189234677373276e-05	2.963719172872415e-16

1.8240399894415645e-05	2.861366329170588e-16

1.8265982502977632e-05	2.8115148777444616e-16

1.8265982502977632e-05	2.605993649471196e-16

1.827877380725863e-05	2.510694423196814e-16

1.827877380725863e-05	2.7605946953415445e-16

1.8304356415820617e-05	2.7124909373865863e-16

1.8317147720101614e-05	2.468669144243785e-16

1.8317147720101614e-05	2.7143864586576634e-16

1.8355521632944595e-05	2.7721857157623753e-16

1.8406686849986967e-05	2.9991504147354736e-16

1.8470643371391943e-05	3.0095713682324317e-16

1.8534599892715305e-05	2.8528606847682695e-16

1.85473911969963e-05	2.49969990163892e-16

1.8572973805558287e-05	2.4560925569461515e-16

1.8572973805558287e-05	2.2765526359405196e-16

1.8585765109839284e-05	2.4577840807466526e-16

1.8636930326963262e-05	2.5598892754410555e-16

1.8649721631244256e-05	2.5134913493798675e-16

1.866251293544364e-05	2.662566340738147e-16

1.868809554400563e-05	2.6662161917898817e-16

1.868809554400563e-05	1.4253362796994802e-16

1.8713678152567622e-05	1.4004567189431698e-16

1.8713678152567622e-05	1.1583828232706607e-16

1.8726469456848616e-05	1.1813827302317166e-16

1.8726469456848616e-05	1.2989708616523764e-16

1.873926076112961e-05	1.5129689770591272e-16

1.873926076112961e-05	3.111836970913363e-16

1.8752052065410603e-05	2.8863310999857926e-16

1.87648433696916e-05	2.7807297031090577e-16

1.8777634673972594e-05	3.05959194499123e-16

1.8790425978253588e-05	3.061676135690621e-16

1.881600858673397e-05	2.8961753397467864e-16

1.881600858673397e-05	1.6598414646790858e-10

1.887996510813894e-05	1.6654833459354248e-10

1.887996510813894e-05	2.593271496599585e-16

1.8918339020981926e-05	2.8571865321324995e-16

1.8969504238024294e-05	3.0327516388569034e-16

1.903346075942927e-05	2.874573062751421e-16

1.908462597655325e-05	2.722788883068476e-16

1.9122999889314623e-05	2.728263659634434e-16

1.919974771500059e-05	3.0118589481742625e-16

1.9289286844885946e-05	2.969022714033407e-16

1.9340452062009924e-05	2.920937144410094e-16

1.9366034670571912e-05	2.869819202801276e-16

1.941719988761428e-05	2.932528164818599e-16

1.944278249617627e-05	2.8270304857112967e-16

1.944278249617627e-05	3.4178112441213937e-16

1.9455573800457265e-05	4.0570421942331674e-16

1.9455573800457265e-05	1.7162602772136805e-10

1.9468365104738262e-05	1.7173886534649485e-10

1.9468365104738262e-05	3.692208108058666e-16

1.949394771330025e-05	3.8400776183575176e-16

1.9532321626061625e-05	3.704337569640207e-16

1.9557904234623616e-05	3.373418431211301e-16

1.957069553890461e-05	2.688147283057811e-16

1.9583486843185603e-05	2.4464031575835285e-16

1.9583486843185603e-05	1.7275440397191596e-10

