# Rescaled haloscope axion-photon limit to millicharged dark matter
# Source/run: ADMX Run 1B, upper band
# mass_map = same-tuning-ratio
# m_phi = (R_TE011_source / 2) m_a point by point
# assumes the TE011 scan follows the same tuning trajectory as the published source-mode scan
# source_mode = TM010
# R_TE011_TM010 = 1.61615
# f_TM010_ref_Hz = 5.46393e+08
# f_TE011_ref_Hz = 8.83051e+08
# radius_m = 0.21
# length_m = 1.014
# C_axion = 0.4
# C_mDM_TE011 = 0.22
# m_phi [eV]    epsilon = e_m/e
2.5396915022960074e-06	1.103584334067703e-11

2.5396915022960074e-06	2.1322186008895404e-19

2.541767415308961e-06	2.116661098946129e-19

2.544400620431961e-06	2.0174371326291498e-19

2.544400620431961e-06	1.966738034683055e-19

2.544400620431961e-06	1.903805636917619e-19

2.544400620431961e-06	1.873098664551896e-19

2.544776792557758e-06	2.0898443428031383e-19

2.5477165083736067e-06	2.1069374600558553e-19

2.5524883218638597e-06	1.9620353868486682e-19

2.5526764079267584e-06	2.019710659009544e-19

2.553052580052555e-06	2.0882577498973277e-19

2.553052580052555e-06	2.1300081412926798e-19

2.5545572687173574e-06	1.9276902760594328e-19

2.555309613049758e-06	1.9751703273531677e-19

2.5558111758841543e-06	2.0150552124784497e-19

2.5574914115733176e-06	2.0726037669995693e-19

2.5582115125598716e-06	2.1420865965007435e-19

2.5613283675473523e-06	2.0685349131379885e-19

2.562403145176612e-06	2.1586379980587508e-19

2.562532118479194e-06	2.1126741806972487e-19

2.566487300054669e-06	2.0591387713329443e-19

2.566970949999957e-06	2.1690482095125826e-19

2.566970949999957e-06	2.1145390573584494e-19

2.569729545831556e-06	1.9968767153871675e-19

2.570732671581155e-06	1.9661304018872625e-19

2.5710336093141153e-06	2.0796049432791846e-19

2.571485015913556e-06	2.165195129727856e-19

2.571485015913556e-06	2.1137695193353848e-19

2.5754177248026233e-06	2.0849995472296597e-19

2.5756229096205507e-06	2.0149441295182594e-19

2.575999081827155e-06	2.167463066883938e-19

2.579635412699754e-06	2.117472994886713e-19

2.5806385384493533e-06	2.162175449013941e-19

2.5846510414477494e-06	2.1546562776270135e-19

2.586832839971309e-06	2.1160377561935938e-19

2.5909205774433485e-06	2.146878846131101e-19

2.5914221403585517e-06	2.0547201609269737e-19

2.5914221403585517e-06	2.0045007832513457e-19

2.5924754223431057e-06	2.1193044852514418e-19

2.5957857374056708e-06	2.1610719263589386e-19

2.598870349047304e-06	2.1281401398505913e-19

2.6006759754450664e-06	2.05768853894902e-19

2.600901678704383e-06	2.0206712273802743e-19

2.605215119516547e-06	2.0448298644435154e-19

2.6063185578168636e-06	1.888801577616297e-19

2.607221371015745e-06	1.9993310673405181e-19

2.607722933850141e-06	1.9532558075423826e-19

2.6101555138717056e-06	2.0827841987060403e-19

2.610230748264542e-06	1.9836768706265826e-19

2.614744814178141e-06	2.0975388437188106e-19

2.6166256749687404e-06	2.212569344653169e-19

2.6167868916171695e-06	2.1536163787262347e-19

2.6170018471753444e-06	2.094901494289055e-19

2.6207635687565427e-06	2.1895931723737265e-19

2.6212651315909385e-06	2.2306406705670615e-19

2.624149118211944e-06	2.198630576662916e-19

2.6247304751556683e-06	2.1245123492403486e-19

2.6249014624635376e-06	2.0527696269878652e-19

2.6256538067959387e-06	2.2280655491435187e-19

2.6282870119189387e-06	2.2636598083997737e-19

2.6303388600982147e-06	2.3368561788311675e-19

2.6346819386231366e-06	2.2788136604844074e-19

2.6349828763560976e-06	2.3563429187332475e-19

2.635434282955538e-06	2.2245382612604934e-19

2.6364875650208995e-06	2.1502611081167648e-19

2.639366991925413e-06	2.335851841369811e-19

2.6400737395777363e-06	2.235555379082566e-19

2.6414530375339393e-06	2.416758817207908e-19

2.6418292096597364e-06	2.3191734406849123e-19

2.644086242576132e-06	2.3987309385721797e-19

2.6459671034475387e-06	2.4964976580589514e-19

2.6501049971545336e-06	2.5004018040838024e-19

2.6504811693611376e-06	2.566128853114108e-19

2.6538667187357314e-06	2.619850357719952e-19

2.6549011921624803e-06	2.5538791687950726e-19

2.6583055502564943e-06	2.644159320701828e-19

2.661390161978935e-06	2.6087683078272884e-19

2.666656572144128e-06	2.670671279976889e-19

2.6683664456268576e-06	2.5965121984219067e-19

2.6722991545967325e-06	2.55363336204081e-19

2.6725499360139304e-06	2.359449310962572e-19

2.673441603373843e-06	2.4203186967570367e-19

2.673441603373843e-06	1.1617034072291595e-11

