# Rescaled ADMX Sidecar limit with reported C_axion range
# Source/run: ADMX Sidecar A--C
# mass_map = same-tuning-ratio
# m_phi = (R_TE011_source / 2) m_a point by point
# assumes the TE011 scan follows the same tuning trajectory as the published source-mode scan
# source_mode = TM010 below 6.5 GHz, TM020 above 6.5 GHz
# R_TE011_TM010 = 1.63217
# R_TE011_TM020 = 0.711056
# f_TM010_ref_Hz = 3.5857e+09
# f_TE011_ref_Hz = 5.85248e+09
# radius_m = 0.032
# length_m = 0.118123
# C_axion range = 0.04--0.61
# C_mDM_TE011 = 0.22
# m_phi [eV]    epsilon(C_min)    epsilon(C_geom)    epsilon(C_max)
1.0547090513593713e-05	6.063807986506644e-17	8.52421060498241e-17	1.1982926669146594e-16

1.0547090513593713e-05	5.377094121386785e-11	7.558861170325347e-11	1.0625884706945853e-10

1.0548260746951582e-05	6.299080243955814e-17	8.854945066968851e-17	1.244785732238816e-16

1.0549096627941805e-05	6.1811573067325e-17	8.68917465433599e-17	1.221482522234447e-16

1.055043403751905e-05	6.300378062810154e-17	8.85676947850466e-17	1.2450421992673899e-16

1.0553777561444386e-05	6.302374707186751e-17	8.859576265462169e-17	1.2454367639238296e-16

1.0557121085369722e-05	6.425154054059031e-17	9.032173585992506e-17	1.2696996679163392e-16

1.0560631785514435e-05	6.427290696149708e-17	9.035177175025821e-17	1.270121898065245e-16

1.0564644014210618e-05	6.308863801415999e-17	8.868698323081537e-17	1.2467190990583075e-16

1.0565647071384663e-05	6.807057462150495e-17	9.569035090937295e-17	1.345169084890632e-16

1.0566482952374886e-05	6.679623985376625e-17	9.38989521768227e-17	1.319986460197145e-16

1.0567151657181285e-05	5.3195929315706435e-17	7.478028753942679e-17	1.0512254370614498e-16

1.0567486009548933e-05	5.319761247361814e-17	7.478265364213861e-17	1.0512586985992054e-16

1.0567820361952132e-05	5.121797050651053e-17	7.19997678568965e-17	1.0121382241781779e-16

1.0568321890539154e-05	6.808780749665444e-17	9.571457605921782e-17	1.3455096304350728e-16

1.0568823419126177e-05	6.939556518787606e-17	9.755295913550661e-17	1.3713527385113713e-16

1.05693249477132e-05	6.809426982477824e-17	9.572366049032913e-17	1.3456373350131064e-16

1.0571163885877467e-05	6.941093284107341e-17	9.757456224573866e-17	1.371656424679783e-16

1.0573671528812582e-05	6.94273981837015e-17	9.759770843515583e-17	1.3719818027157197e-16

1.0576847876554096e-05	6.944825428451937e-17	9.76270269419697e-17	1.3723939482309819e-16

1.0578686814718363e-05	6.946032886919112e-17	9.764400081431831e-17	1.3726325587922065e-16

1.0580692929066455e-05	7.080451366650769e-17	9.953359137025924e-17	1.3991955170716713e-16

1.0583033395817745e-05	6.818258830951853e-17	9.58478143827206e-17	1.347382630920444e-16

1.0585206686385213e-05	6.691460232437724e-17	9.406534046442339e-17	1.322325466987707e-16

1.0588383034126726e-05	6.567641585078143e-17	9.232475727104763e-17	1.2978571827860245e-16

1.0590054796071618e-05	6.445197791657602e-17	9.060350111532466e-17	1.2736605888154463e-16

1.0590556324694195e-05	5.399253764090948e-11	7.590012133838999e-11	1.066967523826369e-10

1.0590556324694195e-05	6.324337795371783e-17	8.890450922054465e-17	1.2497769751530583e-16

1.4182416670020389e-05	8.899807580160954e-11	1.2510922892994825e-10	1.7587255704648758e-10

1.4182416670020389e-05	4.5348501153541415e-17	6.374874918751704e-17	8.961493587656514e-17

1.4205754900290104e-05	4.809931513285808e-17	6.76157116221791e-17	9.505092630831443e-17

1.4232104515108118e-05	4.8188532385700815e-17	6.774112895968744e-17	9.522723198963152e-17

1.4259959822159473e-05	4.6474881557779755e-17	6.533216076789992e-17	9.184081997704892e-17

1.428405089854586e-05	4.4810190804739915e-17	6.29920183025292e-17	8.855115987157208e-17

1.4305130590383948e-05	4.574088085078483e-17	6.430033775758141e-17	9.039033264852633e-17

1.432696312833871e-05	4.581069073549361e-17	6.439847314723943e-17	9.052828667528781e-17

1.4342020051080199e-05	4.585883548361363e-17	6.446615272637716e-17	9.062342738348807e-17

1.4550558431111064e-05	9.130825389900982e-11	1.2835676656324366e-10	1.8043778978397147e-10

1.7165930335464966e-05	1.0772034165589517e-10	1.5142809283519255e-10	2.1287035435659316e-10

1.7165930335464966e-05	2.229624809024092e-16	3.134299681735844e-16	4.4060482531270857e-16

1.7191512944026957e-05	1.8122545564608883e-16	2.5475805868996855e-16	3.581266673387567e-16

1.722988685678833e-05	1.9227056480975252e-16	2.702847437162091e-16	3.799533368928416e-16

1.7293843378193304e-05	1.8935646602391895e-16	2.6618824332743617e-16	3.7419467300787084e-16

1.7370591203797663e-05	2.256207519110492e-16	3.1716683813602207e-16	4.458579379828546e-16

1.7408965116640648e-05	2.2611917772556665e-16	3.178675012545379e-16	4.468428966092927e-16

1.7408965116640648e-05	2.1360534845294965e-16	3.0027615990073055e-16	4.2211383215710876e-16

1.7421756420921642e-05	2.2628531966373914e-16	3.181010556273765e-16	4.471712161514385e-16

1.7460130333764627e-05	2.1833753716727996e-16	3.0692844396269857e-16	4.314652942209745e-16

1.7485712942326614e-05	2.0267362597858924e-16	2.8490886844723734e-16	4.005112304472238e-16

1.7536878159368983e-05	1.848661456027232e-16	2.5987596611824685e-16	3.653211762797598e-16

1.7536878159368983e-05	1.7463533100473756e-16	2.454939773600574e-16	3.451036658694535e-16

1.754966946364998e-05	1.8500098597158302e-16	2.6006551824535456e-16	3.6558763957406e-16

1.7575252072211967e-05	1.852706667093027e-16	2.604446224995698e-16	3.661205661626602e-16

1.7639208593535333e-05	2.0060937772521206e-16	2.8200704720027354e-16	3.964319892340826e-16

1.769037381065931e-05	2.011912758480212e-16	2.8282505168862585e-16	3.975819007335978e-16

1.7715956419221302e-05	1.9769467873938031e-16	2.7790970307911316e-16	3.906721392705651e-16

1.7728747723502296e-05	2.0549059663927966e-16	2.888688307734217e-16	4.0607795566862007e-16

1.776712163634528e-05	1.9453855865941835e-16	2.734729807560982e-16	3.844352076986283e-16

1.7805495549106656e-05	1.8769779334705895e-16	2.6385656078508866e-16	3.709169054566623e-16

1.7831078157668643e-05	1.9156866098117175e-16	2.692980409590341e-16	3.7856627745339487e-16

1.789503467907362e-05	2.1139182861580476e-16	2.971644998164871e-16	4.1773960956493047e-16

1.7946199896115987e-05	2.1605778047878003e-16	3.037236712878162e-16	4.2696017841213305e-16

1.801015641752096e-05	1.9719963325561547e-16	2.7721379186753667e-16	3.8969386064712476e-16

1.804853033036394e-05	1.9025976035453525e-16	2.674580511989245e-16	3.7597970804666444e-16

1.808690424312532e-05	1.9066428146025445e-16	2.680267075790381e-16	3.767790979278648e-16

1.8112486851687307e-05	1.9832008571703107e-16	2.7878887023004924e-16	3.9190803030937074e-16

1.8138069460249298e-05	2.024050934673818e-16	2.8453137831481385e-16	3.999805729136672e-16

1.815086076453029e-05	1.9133848330455356e-16	2.689744682145763e-16	3.781114143993654e-16

1.815086076453029e-05	2.1038322989250573e-16	2.9574666007742407e-16	4.157464784224568e-16

1.8189234677373276e-05	2.1082801473396608e-16	2.963719172872415e-16	4.166254350369518e-16

1.8240399894415645e-05	2.0354701218907313e-16	2.861366329170588e-16	4.0223716288726165e-16

1.8265982502977632e-05	2.000007644096013e-16	2.8115148777444616e-16	3.9522928480362264e-16

1.8265982502977632e-05	1.8538074476025507e-16	2.605993649471196e-16	3.6633809567800435e-16

1.827877380725863e-05	1.7860151045728354e-16	2.510694423196814e-16	3.5294138725546896e-16

1.827877380725863e-05	1.963784910632728e-16	2.7605946953415445e-16	3.880711696421193e-16

1.8304356415820617e-05	1.9295656773001114e-16	2.7124909373865863e-16	3.8130897392926673e-16

1.8317147720101614e-05	1.7561198762684582e-16	2.468669144243785e-16	3.470336749841389e-16

1.8317147720101614e-05	1.9309140809887102e-16	2.7143864586576634e-16	3.81575437223567e-16

1.8355521632944595e-05	1.9720303336351247e-16	2.7721857157623753e-16	3.89700579732506e-16

1.8406686849986967e-05	2.1334846216701623e-16	2.9991504147354736e-16	4.2160618918201796e-16

1.8470643371391943e-05	2.1408977023611685e-16	3.0095713682324317e-16	4.2307111687284304e-16

1.8534599892715305e-05	2.0294195212137585e-16	2.8528606847682695e-16	4.010414801681223e-16

1.85473911969963e-05	1.7781940087881292e-16	2.49969990163892e-16	3.5139583011597755e-16

1.8572973805558287e-05	1.747173357460744e-16	2.4560925569461515e-16	3.4526571862642545e-16

1.8572973805558287e-05	1.6194553015208335e-16	2.2765526359405196e-16	3.200268571377457e-16

1.8585765109839284e-05	1.7483766448976888e-16	2.4577840807466526e-16	3.455035049341532e-16

1.8636930326963262e-05	1.8210105020069728e-16	2.5598892754410555e-16	3.5985696377345983e-16

1.8649721631244256e-05	1.788004734359382e-16	2.5134913493798675e-16	3.5333456573150237e-16

1.866251293544364e-05	1.894051166700974e-16	2.662566340738147e-16	3.7429081344088916e-16

1.868809554400563e-05	1.8966475356766692e-16	2.6662161917898817e-16	3.748038920065534e-16

1.868809554400563e-05	1.013931484898737e-16	1.4253362796994802e-16	2.0036694199613026e-16

1.8713678152567622e-05	9.962330860432803e-17	1.4004567189431698e-16	1.9686949260264404e-16

1.8713678152567622e-05	8.240306745911566e-17	1.1583828232706607e-16	1.6283990470552162e-16

1.8726469456848616e-05	8.4039195729314e-17	1.1813827302317166e-16	1.6607312137839967e-16

1.8726469456848616e-05	9.240398026443824e-17	1.2989708616523764e-16	1.8260309724680618e-16

1.873926076112961e-05	1.0762701429579303e-16	1.5129689770591272e-16	2.1268592653255627e-16

1.873926076112961e-05	2.2136456677761816e-16	3.111836970913363e-16	4.374471250979966e-16

1.8752052065410603e-05	2.0532291360288927e-16	2.8863310999857926e-16	4.0574659070238154e-16

1.87648433696916e-05	1.9781082100638393e-16	2.7807297031090577e-16	3.90901652518971e-16

1.8777634673972594e-05	2.1764804896590778e-16	3.05959194499123e-16	4.3010276978506397e-16

1.8790425978253588e-05	2.1779631057972787e-16	3.061676135690621e-16	4.30395755323229e-16

1.881600858673397e-05	2.0602319639093896e-16	2.8961753397467864e-16	4.071304467406232e-16

1.881600858673397e-05	1.1807497956435925e-10	1.6598414646790858e-10	2.3333255682388674e-10

1.887996510813894e-05	1.184763221191891e-10	1.6654833459354248e-10	2.341256654471207e-10

1.887996510813894e-05	1.8447573788321536e-16	2.593271496599585e-16	3.6454967640965493e-16

1.8918339020981926e-05	2.0324967689509622e-16	2.8571865321324995e-16	4.016495870550778e-16

1.8969504238024294e-05	2.15738728909896e-16	3.0327516388569034e-16	4.2632968820496927e-16

1.903346075942927e-05	2.04486490344579e-16	2.874573062751421e-16	4.0409370218892537e-16

1.908462597655325e-05	1.9368912547833748e-16	2.722788883068476e-16	3.8275660977107493e-16

1.9122999889314623e-05	1.9407858082386343e-16	2.728263659634434e-16	3.835262276179345e-16

1.919974771500059e-05	2.142525002080035e-16	3.0118589481742625e-16	4.2339269389578457e-16

1.9289286844885946e-05	2.1120528902643833e-16	2.969022714033407e-16	4.1737098143138065e-16

1.9340452062009924e-05	2.077846595437841e-16	2.920937144410094e-16	4.106113425470069e-16

1.9366034670571912e-05	2.0414831833935452e-16	2.869819202801276e-16	4.0342542734427655e-16

1.941719988761428e-05	2.0860920184314693e-16	2.932528164818599e-16	4.1224075263566084e-16

1.944278249617627e-05	2.0110448734495213e-16	2.8270304857112967e-16	3.9741039459911673e-16

1.944278249617627e-05	2.4313044431776197e-16	3.4178112441213937e-16	4.804595217691229e-16

1.9455573800457265e-05	2.8860296863859904e-16	4.0570421942331674e-16	5.703195446475005e-16

1.9455573800457265e-05	1.2208840511060903e-10	1.7162602772136805e-10	2.412636430521789e-10

1.9468365104738262e-05	1.2216867362157503e-10	1.7173886534649485e-10	2.414222647768257e-10

1.9468365104738262e-05	2.626500218143886e-16	3.692208108058666e-16	5.190329176080554e-16

1.949394771330025e-05	2.7316891158685515e-16	3.8400776183575176e-16	5.398197045684583e-16

1.9532321626061625e-05	2.6351286682630307e-16	3.704337569640207e-16	5.207380191758521e-16

1.9557904234623616e-05	2.399725038826632e-16	3.373418431211301e-16	4.742189929226411e-16

1.957069553890461e-05	1.9122485024460197e-16	2.688147283057811e-16	3.7788685969255057e-16

1.9583486843185603e-05	1.740280677309789e-16	2.4464031575835285e-16	3.4390362930917514e-16

1.9583486843185603e-05	1.2289109021975658e-10	1.7275440397191596e-10	2.428498602976349e-10

