# Rescaled haloscope axion-photon limit to millicharged dark matter
# Source/run: CAPP-1
# mass_map = same-tuning-ratio
# m_phi = (R_TE011_source / 2) m_a point by point
# assumes the TE011 scan follows the same tuning trajectory as the published source-mode scan
# source_mode = TM010
# R_TE011_TM010 = 1.63258
# f_TM010_ref_Hz = 1.71258e+09
# f_TE011_ref_Hz = 2.79592e+09
# radius_m = 0.067
# length_m = 0.246
# C_axion = 0.52
# C_mDM_TE011 = 0.22
# m_phi [eV]    epsilon = e_m/e
5.401104146180665e-06	4.4479900100257216e-11

5.401104146180665e-06	4.562415766939489e-18

5.403367982334662e-06	4.565335367579663e-18

5.405555662730969e-06	4.5742439004179764e-18

5.407742358842915e-06	4.571855195525893e-18

5.409927835007127e-06	4.5567788037977325e-18

5.412116299777993e-06	4.554399219307349e-18

5.414308458186532e-06	4.568929630004454e-18

5.4164993974636285e-06	4.5707784805932175e-18

5.4186928628365815e-06	4.582528516419366e-18

5.420886044874735e-06	4.587216647603928e-18

5.4230784737206674e-06	4.581988870308165e-18

5.4252788243496575e-06	4.6193872145520136e-18

5.42747912934795e-06	4.651338696790862e-18

5.429673051272772e-06	4.638865880389318e-18

5.431873729724453e-06	4.662300922340113e-18

5.434079762885499e-06	4.7134435161554694e-18

5.436284107220939e-06	4.748979276655902e-18

5.438483939015015e-06	4.7509009855651776e-18

5.440683250096706e-06	4.7440206656774505e-18

5.4428867441828585e-06	4.757685822732694e-18

5.4450807749193455e-06	4.706963090380327e-18

5.447276161026336e-06	4.659659654050121e-18

5.449488920593082e-06	4.713685179089652e-18

5.451699751344505e-06	4.750690370509487e-18

5.45390252089027e-06	4.7320991557516765e-18

5.4561132554825475e-06	4.757474906819066e-18

5.458319695809822e-06	4.750585066478369e-18

5.4605215997600195e-06	4.710114119413217e-18

5.462723919774024e-06	4.6671030402992965e-18

5.464928545321906e-06	4.633065723628413e-18

5.4671394956600415e-06	4.632077267838553e-18

5.469358905635744e-06	4.677104354876028e-18

5.471578033990859e-06	4.715279034826096e-18

5.47379427716346e-06	4.730322718445127e-18

5.476008814368332e-06	4.729313513103642e-18

5.478227799382649e-06	4.7502691683262215e-18

5.480445077857833e-06	4.7551289057218295e-18

5.482665386570541e-06	4.77324842674001e-18

5.484885883520083e-06	4.786997774363707e-18

5.48710490812454e-06	4.7859764775591395e-18

5.489329338538214e-06	4.8131280418023946e-18

5.491554670790802e-06	4.8404336410157915e-18

5.493774968565203e-06	4.830437785198186e-18

5.495997351801278e-06	4.827915293901921e-18

5.498214692722766e-06	4.788264775686288e-18

5.500430075279177e-06	4.731364960967532e-18

5.502651345175194e-06	4.705574275508583e-18

5.504873750042996e-06	4.6813703693988295e-18

5.507102051311241e-06	4.687607741346323e-18

5.509334826591887e-06	4.7156580315629095e-18

5.511568983527627e-06	4.746808539041393e-18

5.5137847419863005e-06	4.66006650750594e-18

5.516013550824635e-06	4.647570287041721e-18

5.518248507970989e-06	4.666721622459358e-18

5.520484132109175e-06	4.684504265632024e-18

5.522713500515374e-06	4.658969017944301e-18

5.5249447245155435e-06	4.63930310142506e-18

5.527185689486139e-06	4.6728358960726144e-18

5.529425412387498e-06	4.693541298194113e-18

5.531656717935194e-06	4.657871786925441e-18

5.5338925118620255e-06	4.643946375364866e-18

5.53612873083187e-06	4.627202349835469e-18

5.538368486711409e-06	4.626215145008403e-18

5.5406105857558665e-06	4.633810530990951e-18

5.542850477792837e-06	4.622812821625208e-18

5.5450917547500655e-06	4.6146919646085365e-18

5.547333937954183e-06	4.606585373414474e-18

5.549578227190521e-06	4.605602567227857e-18

5.551825824040253e-06	4.61886901074781e-18

5.554072410729182e-06	4.62073806967839e-18

5.5563199064403916e-06	4.622607884874563e-18

5.558561824594639e-06	4.586060258064096e-18

5.560808492994353e-06	4.57234953785764e-18

5.563055829120562e-06	4.557271516012918e-18

5.565307922267457e-06	4.564753709296561e-18

5.567559242549505e-06	4.562369960239742e-18

5.568877205921126e-06	4.586062391388087e-18

5.568877205921126e-06	4.586156739175857e-11

