# Rescaled haloscope axion-photon limit to millicharged dark matter
# Source/run: CAPP-MAX, 2024
# mass_map = same-tuning-ratio
# m_phi = (R_TE011_source / 2) m_a point by point
# assumes the TE011 scan follows the same tuning trajectory as the published source-mode scan
# source_mode = TM010
# R_TE011_TM010 = 1.61769
# f_TM010_ref_Hz = 8.37537e+08
# f_TE011_ref_Hz = 1.35488e+09
# radius_m = 0.137
# length_m = 0.64
# C_axion = 0.6
# C_mDM_TE011 = 0.22
# m_phi [eV]    epsilon = e_m/e
3.4345153456240803e-06	2.0453427877285694e-11

3.4345153456240803e-06	9.473804199081315e-19

3.4345153456240803e-06	9.018792903698005e-19

3.4356827539672557e-06	9.379379440602818e-19

3.436850162310432e-06	9.079727822228288e-19

3.4380175706536083e-06	9.48829875557239e-19

3.4391849789967833e-06	9.037192341646262e-19

3.4391849789967833e-06	9.037192341646262e-19

3.4403523873399604e-06	9.093610017346463e-19

3.4403523873399604e-06	9.093610017346463e-19

3.4415197956831366e-06	9.201047210037184e-19

3.4438546123694888e-06	9.107499280193081e-19

3.445022020712666e-06	9.266149353413458e-19

3.445022020712666e-06	9.417649575493336e-19

3.4485242457421934e-06	9.482051824804243e-19

3.4485242457421934e-06	9.17773524748966e-19

3.44969165408537e-06	9.13066374790649e-19

3.450859062428545e-06	9.18705747685414e-19

3.4520264707717222e-06	9.035475194654914e-19

3.453193879114898e-06	9.65017252922808e-19

3.4555286958012498e-06	9.205711397108182e-19

3.4555286958012498e-06	2.0578567816711642e-11

3.469537595919363e-06	2.0661994442995605e-11

3.470121300090951e-06	9.52075758228817e-19

3.471872412605715e-06	9.578511709086982e-19

3.4730398209488904e-06	9.064935191229725e-19

3.4742072292920675e-06	9.787950698384134e-19

3.476542045978419e-06	9.237472568886054e-19

3.477709454321596e-06	9.55200337358392e-19

3.477709454321596e-06	9.901277380166027e-19

3.478876862664771e-06	8.980245879892626e-19

3.4800442710079476e-06	9.198719498944613e-19

3.481211679351124e-06	9.203348561793459e-19

3.481211679351124e-06	9.412542288062891e-19

3.483546496037476e-06	9.159509962747849e-19

3.485881312723828e-06	9.483167124153863e-19

3.485881312723828e-06	9.636543657473484e-19

3.4882161294101807e-06	9.177933378602113e-19

3.489383537753356e-06	9.128998189849801e-19

3.4905509460965328e-06	9.55373173520525e-19

3.491718354439709e-06	9.45518653687897e-19

3.4928857627828845e-06	9.665603418391183e-19

3.4940531711260607e-06	9.464671759513886e-19

3.495220579469237e-06	6.119194786034991e-19

3.496387987812413e-06	5.875624699429511e-19

3.497555396155589e-06	5.442496099287258e-19

3.4987228044987654e-06	5.79688064419656e-19

3.4998902128419425e-06	5.6266152308417e-19

3.5010576211851175e-06	5.970912880239799e-19

3.5022250295282946e-06	5.54354419913271e-19

3.50339243787147e-06	5.893289840635026e-19

3.5045598462146463e-06	5.458853569462555e-19

3.505727254557822e-06	5.728154902542868e-19

3.506894662900999e-06	5.554634982406251e-19

3.508062071244174e-06	5.820106859934032e-19

3.509229479587351e-06	5.8230123130297e-19

3.5103968879305264e-06	5.739603577781196e-19

3.511564296273703e-06	5.828824669088158e-19

3.5127317046168785e-06	5.745330772173352e-19

3.5138991129600548e-06	5.660431225933597e-19

3.5150665213032306e-06	5.483420434782264e-19

3.517401337989583e-06	5.843364013044663e-19

3.518568746332758e-06	5.582394245653967e-19

3.5197361546759353e-06	5.674541145999116e-19

3.5209035630191107e-06	5.587951631407724e-19

3.522070971362287e-06	5.313329713670803e-19

3.523238379705463e-06	5.593510860101624e-19

3.523238379705463e-06	5.31597162780996e-19

3.5244057880486395e-06	5.412756048975018e-19

3.5255731963918153e-06	5.59907193112492e-19

3.5255731963918153e-06	5.321256769203168e-19

3.5267406047349916e-06	5.510760043256956e-19

3.5279080130781675e-06	5.326543660933066e-19

3.529075421421344e-06	5.42351699342734e-19

3.530242829764519e-06	5.610199597719725e-19

3.530242829764519e-06	5.331832302420357e-19

3.5314102381076963e-06	5.428900136599732e-19

3.5325776464508725e-06	5.337122693086328e-19

3.5349124631372247e-06	5.529924719289667e-19

3.5384146881667526e-06	5.253945605365679e-19

3.5395820965099293e-06	5.540885915948563e-19

3.541916913196281e-06	5.358301735982648e-19

3.541916913196281e-06	5.728265506000883e-19

3.544251729882633e-06	5.458539223035925e-19

3.5454191382258094e-06	5.646415332811445e-19

3.5465865465689857e-06	5.368901737498254e-19

3.547753954912161e-06	5.560085410984835e-19

3.550088771598514e-06	5.279968090026741e-19

3.5512561799416895e-06	5.379508719589052e-19

3.5524235882848657e-06	5.382161555288423e-19

3.553590996628042e-06	5.287783188784085e-19

3.554758404971218e-06	5.4828293629963465e-19

3.555925813314394e-06	5.762283523571283e-19

3.5570932216575712e-06	5.488232052222806e-19

3.5582606300007462e-06	5.199168629414879e-19

3.559428038343923e-06	5.398087721453318e-19

3.5605954466870988e-06	5.204286760731965e-19

3.561762855030275e-06	5.105733015853642e-19

3.562930263373451e-06	5.209406570400106e-19

3.5640976717166276e-06	5.59855074974479e-19

3.5652650800598026e-06	5.214528057869293e-19

3.5664324884029797e-06	5.5098605374007295e-19

3.5664324884029797e-06	5.316471492619892e-19

3.567599896746155e-06	5.51256609128038e-19

3.568767305089332e-06	5.321693104591057e-19

3.5711021217756835e-06	5.520685408822707e-19

3.5722695301188594e-06	5.128341407254342e-19

3.5734369384620348e-06	5.232466468766625e-19

3.574604346805212e-06	5.334754607386384e-19

3.5757717551483873e-06	5.337368188450219e-19

3.576939163491564e-06	5.813436273868087e-19

3.5781065718347394e-06	5.724681784626863e-19

3.5804413885210915e-06	5.912244956289943e-19

3.5816087968642682e-06	6.091746755150155e-19

3.582776205207444e-06	6.007026899381084e-19

3.585111021893796e-06	5.9238149052314e-19

3.586278430236973e-06	5.555915111239215e-19

3.588613246923325e-06	5.65641424935814e-19

3.5897806552665013e-06	5.935392391600211e-19

3.5909480636096767e-06	5.566770039530354e-19

3.5921154719528534e-06	5.758334334512759e-19

3.5932828802960297e-06	5.944080449863102e-19

3.594450288639205e-06	5.670220479993115e-19

3.595033992810794e-06	5.279973856722212e-19

3.5956176969823814e-06	5.859031723142169e-19

3.5967851053255576e-06	6.042293146008063e-19

3.5979525136687335e-06	5.8647394985594505e-19

3.5991199220119097e-06	5.775185249321434e-19

3.600287330355086e-06	5.870449126248572e-19

3.601454738698262e-06	5.591219434753345e-19

3.602622147041438e-06	5.967269303971876e-19

3.6037895553846144e-06	5.59665748227159e-19

3.60495696372779e-06	5.789240210790564e-19

3.6061243720709665e-06	5.602097291671498e-19

3.6072917804141428e-06	5.70063364980791e-19

3.608459188757319e-06	5.797678652247508e-19

3.6096265971004945e-06	5.893306147718093e-19

3.6107940054436707e-06	6.077628137863905e-19

3.6119614137868474e-06	5.418600486726665e-19

3.613128822130023e-06	5.111182479716443e-19

3.6154636388163754e-06	5.008417352823244e-19

3.6177984555027275e-06	5.121094273363572e-19

3.6189658638459038e-06	5.332784085750876e-19

3.6213006805322563e-06	5.020551123299384e-19

3.622468088875432e-06	4.799622673615164e-19

3.6236354972186084e-06	5.025407371152941e-19

3.62597031390496e-06	5.244413986729049e-19

3.6283051305913122e-06	5.035124560651077e-19

3.6318073556208406e-06	4.931580681182831e-19

3.6341421723071923e-06	5.0472798431901465e-19

3.635309580650368e-06	5.158320455510873e-19

3.6364769889935453e-06	5.160805395085393e-19

3.6376443973367203e-06	5.054577700720106e-19

3.638811805679897e-06	1.3296230983763896e-18

3.641146622366249e-06	1.33090301787714e-18

3.641146622366249e-06	5.970666817780526e-19

3.6434814390526016e-06	5.489683678129879e-19

3.6446488473957766e-06	5.284989611555872e-19

3.6458162557389538e-06	5.180699266662365e-19

3.64698366408213e-06	4.488772302209789e-19

3.6481510724253054e-06	4.364397303286982e-19

3.649318480768482e-06	4.736125956985306e-19

3.651653297454834e-06	4.497396262893518e-19

3.655155522484363e-06	4.50386785334658e-19

3.6557392266559506e-06	4.628392808108533e-19

3.6574903391707148e-06	4.38116731030241e-19

3.659825155857067e-06	4.512501464377646e-19

3.659825155857067e-06	4.636154535904592e-19

3.660992564200243e-06	2.1802158335543147e-11

3.6621599725434186e-06	2.180911055440014e-11

3.6627436767150065e-06	5.42984035953827e-19

3.663327380886595e-06	4.881056578548369e-19

3.6644947892297715e-06	4.393758876879399e-19

3.6650784934013586e-06	4.584599269215295e-19

3.6668296059161232e-06	4.525462210409539e-19

3.6691644226024758e-06	4.402159944057069e-19

3.6703318309456516e-06	4.65613315933179e-19

3.672666647632004e-06	4.408464253984252e-19

3.67383405597518e-06	4.662799061576364e-19

3.6761688726615325e-06	4.667244762067799e-19

3.677336281004709e-06	4.2849978421851824e-19

3.679671097691061e-06	4.6739159601760005e-19

3.6820059143774126e-06	4.156836554925205e-19

3.683173322720589e-06	4.802184357442829e-19

3.685508139406941e-06	4.021616705256549e-19

3.686091843578529e-06	3.7241781471720726e-19

3.6878429560932935e-06	4.564418710422162e-19

3.691345181122822e-06	4.69617621289989e-19

3.693679997809174e-06	4.70063249253034e-19

3.6983496311818783e-06	4.83189560659934e-19

3.7006844478682304e-06	4.588280195945142e-19

3.7041866728977588e-06	4.465338168243522e-19

3.7065214895841105e-06	4.725167198282629e-19

3.710023714613639e-06	4.85479194491316e-19

3.7123585312999914e-06	4.610008414304213e-19

3.7146933479863435e-06	5.101364891207734e-19

3.7158607563295198e-06	5.218475651766834e-19

3.7170281646726956e-06	5.220935070004893e-19

3.7193629813590473e-06	5.86803157018104e-19

3.7193629813590473e-06	5.225855065156885e-19

3.7216977980453994e-06	5.453461594072819e-19

3.7228652063885765e-06	5.345793582086671e-19

3.7263674314181045e-06	5.353338808747785e-19

3.7263674314181045e-06	5.125431692499156e-19

3.7275348397612803e-06	5.127840448654918e-19

3.729869656447633e-06	5.471432976731469e-19

3.7310370647908087e-06	5.363404627487997e-19

3.7333718814771613e-06	5.368439899973124e-19

3.7345392898203375e-06	5.590270458535913e-19

3.7368741065066897e-06	5.375995761208842e-19

3.7392089231930413e-06	5.151948747731296e-19

3.7403763315362176e-06	5.814904175552847e-19

3.7409600357078055e-06	6.119924245645651e-19

3.741543739879394e-06	6.219304570149384e-19

3.743878556565746e-06	6.321646332593097e-19

3.7450459649089223e-06	6.129953383980566e-19

3.746213373252098e-06	5.931688827356182e-19

3.7473807815952735e-06	6.035912863349853e-19

3.7497155982816257e-06	5.836696431898665e-19

3.7497155982816257e-06	6.336436112050047e-19

3.752050414967978e-06	6.3423552487676405e-19

3.752050414967978e-06	6.531720859042694e-19

3.752050414967978e-06	7.069448296515269e-19

3.7543852316543303e-06	1.274455471477687e-18

3.755552639997507e-06	1.2311535436998604e-18

3.7561363441690945e-06	1.246248014442328e-18

3.756720048340682e-06	1.1964561215519321e-18

3.7590548650270354e-06	1.2477008000682264e-18

3.7602222733702125e-06	1.2133930296362824e-18

3.7613896817133875e-06	1.2389908416452323e-18

3.7625570900565646e-06	1.2246025492037061e-18

3.7625570900565646e-06	1.2043597905278447e-18

3.76372449839974e-06	1.2301834809434395e-18

3.76372449839974e-06	1.3264331097486668e-18

3.764891906742916e-06	1.2105781882802827e-18

3.7672267234292684e-06	1.2615895668939856e-18

3.768394131772444e-06	1.2474132338399863e-18

3.768394131772444e-06	1.276768149723223e-18

3.76956154011562e-06	1.2280237563947404e-18

3.76956154011562e-06	1.2821908506501288e-18

3.770728948458797e-06	1.2633492422260413e-18

3.7718963568019722e-06	1.3260942586201367e-18

3.7730637651451485e-06	1.3031430653505103e-18

3.7742311734883243e-06	1.3319912171299991e-18

3.7753985818315006e-06	1.2656967474111767e-18

3.775982286003089e-06	1.3282495913106664e-18

3.776565990174676e-06	2.2490428002385863e-11

3.79641193200867e-06	2.2608615722954817e-11

3.7975793403518464e-06	7.285771149543548e-19

3.7987467486950226e-06	7.628339696141643e-19

3.7987467486950226e-06	8.110596207948638e-19

3.7999141570381985e-06	7.378795983511081e-19

3.802248973724551e-06	7.638891459945225e-19

3.802248973724551e-06	8.04334156113537e-19

3.803416382067727e-06	7.642409794812011e-19

3.804583790410903e-06	8.129297139961488e-19

3.8057511987540794e-06	7.565845048708314e-19

3.8069186070972544e-06	8.05816344129103e-19

3.8075023112688436e-06	8.331997116430728e-19

3.809253423783607e-06	7.742822888384854e-19

3.8098371279551953e-06	7.233394297663638e-19

3.811588240469959e-06	7.749942725245013e-19

3.811588240469959e-06	6.968533020160207e-19

3.8127556488131357e-06	6.397702562577988e-19

3.8139230571563107e-06	6.400641107705494e-19

3.8139230571563107e-06	6.299837310099595e-19

3.8150904654994874e-06	6.096026640827197e-19

3.816257873842664e-06	6.981342821503961e-19

3.817425282185841e-06	6.60671957000924e-19

3.817425282185841e-06	6.703173132896719e-19

3.818592690529016e-06	6.609750407002427e-19

3.819760098872193e-06	7.172568816118911e-19

3.820927507215368e-06	7.353065569239866e-19

3.822094915558545e-06	6.904681659105429e-19

3.823262323901721e-06	7.618123325440157e-19

3.824429732244897e-06	7.363177508170725e-19

3.825597140588073e-06	7.278323855181706e-19

3.826764548931249e-06	7.010193530534991e-19

3.826764548931249e-06	6.823221341550382e-19

3.827931957274425e-06	7.373294078170882e-19

3.8285156614460135e-06	7.718184469010777e-19

3.829099365617601e-06	8.048603872545745e-19

3.831434182303953e-06	7.470796014259593e-19

3.833768998990305e-06	7.734075797779305e-19

3.833768998990305e-06	7.390165313682263e-19

3.83843863236301e-06	7.577899427368479e-19

3.840773449049362e-06	6.9553580958227865e-19

3.841940857392539e-06	8.249322471701036e-19

3.843108265735714e-06	8.011476541650204e-19

3.84427567407889e-06	7.05836609243228e-19

3.846610490765243e-06	7.427327244435704e-19

3.846610490765243e-06	6.171729922419622e-19

3.847777899108419e-06	5.846450325907301e-19

3.848945307451595e-06	6.177349952486943e-19

3.851280124137947e-06	5.854434249493283e-19

3.851280124137947e-06	6.075433541623935e-19

3.852447532481123e-06	6.078196148740332e-19

3.8547823491674755e-06	5.862421804061273e-19

3.8547823491674755e-06	6.083722618735377e-19

3.857117165853828e-06	5.979525545452611e-19

3.85945198254018e-06	6.308697255009871e-19

3.85945198254018e-06	5.98495571828499e-19

3.8617867992265314e-06	6.314422891386706e-19

3.862954207569708e-06	5.993104057570268e-19

3.864121615912884e-06	6.213921680512663e-19

3.866456432599236e-06	6.001256091410058e-19

3.868791249285587e-06	5.894408299190554e-19

3.868791249285587e-06	6.116916573455125e-19

3.87112606597194e-06	6.230825194489221e-19

3.872293474315117e-06	6.233643934654555e-19

3.873460882658293e-06	6.017571236060912e-19

3.874628291001469e-06	6.450843577394251e-19

3.875795699344645e-06	6.023012897861978e-19

3.876963107687821e-06	6.136307499317366e-19

3.879297924374174e-06	5.918436215230877e-19

3.880465332717349e-06	6.144624156617342e-19

3.881632741060526e-06	6.468343976020154e-19

3.882800149403702e-06	6.150170680394926e-19

3.883967557746878e-06	6.261854696627825e-19

3.886302374433229e-06	6.04752065520386e-19

3.887469782776406e-06	6.586673331297408e-19

3.888637191119582e-06	6.380392001737164e-19

3.8898045994627585e-06	6.383265404998523e-19

3.8898045994627585e-06	6.27597599232947e-19

3.8909720078059335e-06	6.697839340008187e-19

3.89213941614911e-06	6.598544774388332e-19

3.894474232835463e-06	6.177928307415403e-19

3.894474232835463e-06	6.394763329550361e-19

3.895641641178639e-06	5.840218556437057e-19

3.896809049521816e-06	6.400514877825134e-19

3.897976457864991e-06	6.295763611168699e-19

3.899143866208168e-06	6.298592108459161e-19

3.900311274551344e-06	6.409145431283026e-19

3.901478682894519e-06	6.41202314378986e-19

3.902646091237695e-06	6.085709709492894e-19

3.90439720375246e-06	6.41921930865848e-19

3.906148316267224e-06	6.634201828066646e-19

3.906148316267224e-06	6.093903498526003e-19

3.908483132953576e-06	6.429298458541296e-19

3.908483132953576e-06	6.535575054369852e-19

3.909650541296752e-06	6.432179183684509e-19

3.911985357983105e-06	6.544361396975106e-19

3.913736470497867e-06	6.054815336523381e-19

3.914320174669456e-06	2.3310789827511528e-11

3.916654991355809e-06	2.332469426522553e-11

3.917822399698985e-06	6.452356299438968e-19

3.918989808042161e-06	6.236354769822057e-19

3.921324624728513e-06	6.87827047814655e-19

3.923659441414864e-06	6.134927521863912e-19

3.924826849758041e-06	6.022932877220092e-19

3.925994258101217e-06	6.140404320520909e-19

3.928329074787569e-06	6.585416315488059e-19

3.929496483130746e-06	6.033684912904805e-19

3.930663891473921e-06	6.264241261145676e-19

3.932998708160274e-06	6.041753133649744e-19

3.935333524846626e-06	5.809898365323737e-19

3.9365009331898025e-06	6.04982494745699e-19

3.937668341532978e-06	6.167812735946618e-19

3.938835749876154e-06	6.170555814745585e-19

3.940003158219331e-06	5.940260021146131e-19

3.941170566562507e-06	6.400699544324874e-19

3.9435053832488585e-06	6.181532194665434e-19

3.944672791592034e-06	6.06867314371766e-19

3.94584019993521e-06	6.187022822617155e-19

3.947007608278388e-06	6.303351958282067e-19

3.949342424964739e-06	5.84094885007889e-19

3.950509833307915e-06	6.311743373558003e-19

3.951677241651091e-06	6.084844288162578e-19

3.952844649994268e-06	6.317339717412535e-19

3.9551794666806195e-06	6.209001576486913e-19

3.957514283366972e-06	6.550658513585472e-19

3.957514283366972e-06	2.3568021925220425e-11

