# Rescaled haloscope axion-photon limit to millicharged dark matter
# Source/run: ORGAN-1a
# mass_map = same-tuning-ratio
# m_phi = (R_TE011_source / 2) m_a point by point
# assumes the TE011 scan follows the same tuning trajectory as the published source-mode scan
# source_mode = TM010
# R_TE011_TM010 = 1.61462
# f_TM010_ref_Hz = 7.17141e+09
# f_TE011_ref_Hz = 1.15791e+10
# radius_m = 0.016
# length_m = 0.08
# C_axion = 0.4
# C_mDM_TE011 = 0.22
# m_phi [eV]    epsilon = e_m/e
5.1065966960759225e-05	8.037169870707522e-10

5.1065966960759225e-05	1.2430057073664445e-15

5.106867266896631e-05	1.2840647833280359e-15

5.109674439155433e-05	1.3384699939907908e-15

5.1124139687050223e-05	1.3789514604085372e-15

5.114689223332245e-05	1.3580385766528426e-15

5.117108372435446e-05	1.355713864114868e-15

5.119617916788239e-05	1.3614715594514756e-15

5.122222160935547e-05	1.3626368761825953e-15

5.1248264050747814e-05	1.3716338739486613e-15

5.127430649222088e-05	1.3814087723509084e-15

5.130034893361323e-05	1.3711234135395089e-15

5.13263913750863e-05	1.3701543565480247e-15

5.135243381647864e-05	1.3634960616894516e-15

5.137847625795172e-05	1.3703554313853828e-15

5.140451869934407e-05	1.3514472416200655e-15

5.1430561140736396e-05	1.3420816265227151e-15

5.145660358220948e-05	1.3504714184568163e-15

5.148264602360182e-05	1.3560869282603866e-15

5.150868846507489e-05	1.3567729033838376e-15

5.153473090646723e-05	1.352287211474973e-15

5.1560773347940314e-05	1.349219846136696e-15

5.1586815789332656e-05	1.3326803080083894e-15

5.1612858230805724e-05	1.3328904773848105e-15

5.1638900672198074e-05	1.31267290717743e-15

5.1664943113590416e-05	1.3013132127346365e-15

5.1690985555063485e-05	1.3074019899509356e-15

5.171702799645583e-05	1.3291079684893018e-15

5.174307043792891e-05	1.311674572872653e-15

5.177063484017765e-05	1.3222830669980858e-15

5.179515532079432e-05	1.3539428295652798e-15

5.182119776218666e-05	1.338967566839755e-15

5.184724020365973e-05	1.3408031271620751e-15

5.1873282645052074e-05	1.3606986577797325e-15

5.18986148380663e-05	1.414111287703976e-15

5.1920106428599025e-05	1.4613808364059595e-15

5.194430748528641e-05	1.4594712052109073e-15

5.1970349926759476e-05	1.4333444190699242e-15

5.1996392368151826e-05	1.3892446610324852e-15

5.201634696611857e-05	1.3913977836874355e-15

5.201769982022212e-05	1.4334062820661159e-15

5.201769982022212e-05	8.186961191978601e-10

5.2164089907697136e-05	8.210001233525814e-10

5.2164089907697136e-05	1.1937490650919886e-15

5.217632196351976e-05	1.1534392585348924e-15

5.2200983366322834e-05	1.161617974540245e-15

5.221927508116606e-05	1.1757286797853915e-15

5.2229985176132274e-05	1.1424697383548616e-15

5.225208179307613e-05	1.194656721711759e-15

5.227203639104288e-05	1.225713017013349e-15

5.2279307981899897e-05	1.2604541121833393e-15

5.2279307981899897e-05	8.228135174576121e-10

5.2437219876738676e-05	8.252988610219471e-10

5.2437219876738676e-05	1.196188482938207e-15

5.243958737135933e-05	1.0923579611036835e-15

5.244029761981819e-05	1.1426999520366342e-15

5.244740010384162e-05	1.0153155587856519e-15

5.244937301606587e-05	1.0413576575175534e-15

5.2468200235572636e-05	1.0849968791278457e-15

5.2479361281906705e-05	1.1516864696752268e-15

5.24985379887619e-05	1.170471164565251e-15

5.251566286697815e-05	1.1035890161763504e-15

5.251901681771094e-05	1.0838291646519523e-15

5.2541547475379644e-05	1.1206927669699923e-15

5.25584356041096e-05	1.1322341950764916e-15

5.2571047893926294e-05	1.080113531213594e-15

5.2580690054044316e-05	1.0745912171063724e-15

5.260442070650149e-05	1.1053301159854458e-15

5.263088094118091e-05	1.0811552470665932e-15

5.2655936926461135e-05	1.0941118221929807e-15

5.266313805610385e-05	1.1133083662811837e-15

5.2690068307989025e-05	1.0707901458825813e-15

5.2716110749462106e-05	1.0477892174806234e-15

5.274629630654151e-05	1.0353289543028481e-15

5.276819563232752e-05	1.046643027661781e-15

5.279423807371986e-05	1.0612433018178245e-15

5.2815545525790165e-05	1.062514024843017e-15

5.2836063812986904e-05	1.016999924891527e-15

5.286253118937326e-05	1.0194531917779294e-15

5.286999790335696e-05	1.0006404772151695e-15

5.289589237636074e-05	1.0057187753108257e-15

5.291550641211465e-05	1.0142184032469056e-15

5.2921688203745236e-05	1.0783311002364326e-15

5.2923976781951196e-05	1.1405440977872381e-15

5.292563402819373e-05	1.1981482148969153e-15

5.292800152289512e-05	1.2537635831804101e-15

5.293439375854043e-05	1.3053164985096352e-15

5.29352731136714e-05	1.468667789124316e-15

5.2939490835302594e-05	1.3874057665036959e-15

5.29528602170175e-05	1.3062703855539809e-15

5.2954043964287467e-05	1.3519557038066591e-15

5.295455128462674e-05	1.2454468033956058e-15

5.2957595206339546e-05	1.1609147769348063e-15

5.2959568118563795e-05	1.0939642155341028e-15

5.296193561326518e-05	1.037084516228673e-15

5.29684180391679e-05	9.910437263312148e-16

5.298363764773189e-05	9.602518073954328e-16

5.300968008920496e-05	9.712828339684671e-16

5.30357225305973e-05	9.853423983391974e-16

5.306176497207038e-05	9.928640811421057e-16

5.308780741346272e-05	9.86994828282165e-16

5.311384985493579e-05	9.779308896011343e-16

5.3139892296328135e-05	9.797693912272534e-16

5.3166949378318316e-05	9.652353969551301e-16

5.319197717919355e-05	9.78520113272211e-16

5.321893019552694e-05	9.722060049209934e-16

5.324027407060133e-05	9.43317210874849e-16

5.325826703010583e-05	9.282740683163612e-16

5.32724719981527e-05	8.94367544094521e-16

5.329259570287231e-05	9.043819196540046e-16

5.330127651672357e-05	9.5600432809473e-16

5.330206568159712e-05	9.97014430468852e-16

5.330443317629852e-05	1.0289567024716062e-15

5.330494049655706e-05	1.0735295533183643e-15

5.3307688481412e-05	1.1582801305147613e-15

5.330987841399868e-05	1.2357487064564996e-15

5.330987841399868e-05	8.390334582899698e-10

5.396141294866786e-05	8.49287829338681e-10

5.396141294866786e-05	1.1236298065002643e-15

5.397325042201334e-05	1.0809973252807423e-15

5.3999292863486414e-05	1.0865972950450992e-15

5.4024546140005205e-05	1.1204090866630773e-15

5.4051377746351825e-05	1.1463544889761411e-15

5.407610491295492e-05	1.1815979286363747e-15

5.409428858735028e-05	1.1801481206912281e-15

5.411503704760488e-05	1.1759470412420105e-15

5.4138975049334414e-05	1.2003621125222806e-15

5.416541207320389e-05	1.2172763640457544e-15

5.41871141076706e-05	1.2267060230952655e-15

5.420230553191032e-05	1.2657017620643669e-15

5.420230553191032e-05	8.530791892743521e-10

